-3.1 0.6
-3.1 0.6
-3.1 0.6
-3.1 0.6
-3.1 0.6
-3.1 0.6
-3.1 0.6
-3.1 0.6
-3.1 0.6
-3.1 0.6
-3.1 0.6
-3.1 0.6
-3.1 0.6
-3.1 0.6
-3.1 0.6
-3.1 0.6
-3.1 0.6
-3.1 0.6
-3.1 0.6
-3.1 0.6
-3.1 0.6
-3.1 0.6
-3.1 0.6
-3.1 0.6
-3.1 0.6
-3.1 0.6
-3.1 0.6
-3.1 0.6
-3.1 0.6
-3.1 0.6
-3.1 0.6
-3.1 0.6
-3.1 0.6
-3.1 0.6
-3.1 0.6
-3.1 0.6
-3.1 0.6
-3.1 0.6
-3.1 0.6
-3.1 0.6
-3.1 0.6
-3.1 0.6
-3.1 0.6
-3.1 0.6
-3.1 0.6
-3.1 0.6
-3.1 0.6
-3.1 0.6
-3.1 0.6
-3.1 0.6
-3.1 0.6
-3.1 0.6
-3.1 0.6
-3.1 0.6
-3.1 0.6
-3.1 0.6
-3.1 0.6
-3.1 0.6
-3.1 0.6
-3.1 0.6
-3.1 0.6
-3.1 0.6
-3.1 0.6
-3.1 0.6
-3.1 0.6
-3.1 0.6
-3.1 0.6
-3.1 0.6
-3.1 0.6
-3.1 0.6
-3.1 0.6
-3.1 0.6
-3.1 0.6
-3.1 0.6
-3.1 0.6
-3.1 0.6
-3.1 0.6
-3.1 -0.6
-3.1 -0.164026
-3.1 -0.255591
-3.1 -0.232764
-3.1 -0.238191
-3.1 -0.236886
-3.1 -0.237199
-3.1 -0.237124
-3.1 -0.237142
-3.1 -0.237137
-3.1 -0.237138
-3.1 -0.237138
-3.1 -0.237138
-3.1 -0.237138
-3.1 -0.237138
-3.1 -0.237138
-3.1 -0.237138
-3.1 -0.237138
-3.1 -0.237138
-3.1 -0.237138
-3.1 -0.237138
-3.1 -0.237138
-3.1 -0.237138
-3.1 -0.237138
-3.1 -0.237138
-3.1 -0.237138
-3.1 -0.237138
-3.1 -0.237138
-3.1 -0.237138
-3.1 -0.237138
-3.1 -0.237138
-3.1 -0.237138
-3.1 -0.237138
-3.1 -0.237138
-3.1 -0.237138
-3.1 -0.237138
-3.1 -0.237138
-3.1 -0.237138
-3.1 -0.237138
-3.1 -0.237138
-3.1 -0.237138
-3.1 -0.237138
-3.1 -0.237138
-3.1 -0.237138
-3.1 -0.237138
-3.1 -0.237138
-3.1 -0.237138
-3.1 -0.237138
-3.1 -0.237138
-3.1 -0.237138
-3.1 -0.237138
-3.1 -0.237138
-3.1 -0.237138
-3.1 -0.237138
-3.1 -0.237138
-3.1 -0.237138
-3.1 -0.237138
-3.1 -0.237138
-3.1 -0.237138
-3.1 -0.237138
-3.1 -0.237138
-3.1 -0.237138
-3.1 -0.237138
-3.1 -0.237138
-3.1 -0.237138
-3.1 -0.237138
-3.1 -0.237138
-3.1 -0.237138
-3.1 -0.237138
-3.1 -0.237138
-3.1 -0.237138
-3.1 -0.237138
-3.1 -0.237138
-3.1 -0.237138
-3.1 -0.237138
-3.1 -0.237138
-3.1 -0.237138
-3.1 -0.237138
-3.1 -0.237138
-3.1 -0.237138
-3.1 -0.237138
-3.1 -0.237138
-3.1 -0.237138
-3.1 -0.237138
-3.1 -0.237138
-3.1 -0.237138
-3.1 -0.237138
-3.1 -0.237138
-3.1 -0.237138
-3.1 -0.237138
-3.1 -0.237138
-3.1 -0.237138
-3.1 -0.237138
-3.1 -0.237138
-3.1 -0.237138
-3.1 -0.237138
-3.1 -0.237138
-3.1 -0.237138
-3.1 -0.237138
-3.1 -0.237138
-3.1 -0.237138
-3.1 -0.237138
-3.1 -0.237138
-3.1 -0.237138
-3.1 -0.237138
-3.1 -0.237138
-3.1 -0.237138
-3.1 -0.237138
-3.1 -0.237138
-3.1 -0.237138
-3.1 -0.237138
-3.1 -0.237138
-3.1 -0.237138
-3.1 -0.237138
-3.1 -0.237138
-3.1 -0.237138
-3.1 -0.237138
-3.1 -0.237138
-3.1 -0.237138
-3.1 -0.237138
-3.1 -0.237138
-3.1 -0.237138
-3.1 -0.237138
-3.1 -0.237138
-3.1 -0.237138
-3.1 -0.237138
-3.1 -0.237138
-3.1 -0.237138
-3.1 -0.237138
-3.1 -0.237138
-3.1 -0.237138
-3.1 -0.237138
-3.1 -0.237138
-3.1 -0.237138
-3.1 -0.237138
-3.1 -0.237138
-3.1 -0.237138
-3.1 -0.237138
-3.1 -0.237138
-3.1 -0.237138
-3.1 -0.237138
-3.1 -0.237138
-3.1 -0.237138
-3.1 -0.237138
-3.1 -0.237138
-3.1 -0.237138
-3.1 -0.237138
-3.1 -0.237138
-3.1 -0.237138
-3.1 -0.237138
-3.1 -0.237138
-3.1 -0.237138
-3.1 -0.237138
-3.1 -0.237138
-3.1 -0.237138
-3.1 -0.237138
-3.1 -0.237138
-3.1 -0.237138
-3.1 -0.237138
-3.1 -0.237138
-3.1 -0.237138
-3.1 -0.237138
-3.1 -0.237138
-3.1 -0.237138
-3.1 -0.237138
-3.1 -0.237138
-3.1 -0.237138
-3.1 -0.237138
-3.1 -0.237138
-3.1 -0.237138
-3.1 -0.237138
-3.1 -0.237138
-3.1 -0.237138
-3.1 -0.237138
-3.1 -0.237138
-3.1 -0.237138
-3.1 -0.237138
-3.1 -0.237138
-3.1 -0.237138
-3.1 -0.237138
-3.1 -0.237138
-3.1 -0.237138
-3.1 -0.237138
-3.1 -0.237138
-3.1 -0.237138
-3.1 -0.237138
-3.1 -0.237138
-3.1 -0.237138
-3.1 -0.237138
-3.1 -0.237138
-3.1 -0.237138
-3.1 -0.237138
-3.1 -0.237138
-3.1 -0.237138
-3.1 -0.237138
-3.1 -0.237138
-3.1 -0.237138
-3.1 -0.237138
-3.1 -0.237138
-3.1 -0.237138
-3.1 -0.237138
-3.1 -0.237138
-3.1 -0.237138
-3.1 -0.237138
-3.1 -0.237138
-3.1 -0.237138
-3.1 -0.237138
-3.1 -0.237138
-3.1 -0.237138
-3.1 -0.237138
-3.1 -0.237138
-3.1 -0.237138
-3.1 -0.237138
-3.1 -0.237138
-3.1 -0.237138
-3.1 -0.237138
-3.1 -0.237138
-3.1 -0.237138
-3.1 -0.237138
-3.1 -0.237138
-3.1 -0.237138
-3.1 -0.237138
-3.1 -0.237138
-3.1 -0.237138
-3.1 -0.237138
-3.1 -0.237138
-3.1 -0.237138
-3.1 -0.237138
-3.1 -0.237138
-3.1 -0.237138
-3.1 -0.237138
-3.1 -0.237138
-3.1 -0.237138
-3.1 -0.237138
-3.1 -0.237138
-3.1 -0.237138
-3.1 -0.237138
-3.1 -0.237138
-3.1 -0.237138
-3.1 -0.237138
-3.1 -0.237138
-3.1 -0.237138
-3.1 -0.237138
-3.1 -0.237138
-3.1 -0.237138
-3.1 -0.237138
-3.1 -0.237138
-3.1 -0.237138
-3.1 -0.237138
-3.1 -0.237138
-3.1 -0.237138
-3.1 -0.237138
-3.1 -0.237138
-3.1 -0.237138
-3.1 -0.237138
-3.1 -0.237138
-3.1 -0.237138
-3.1 -0.237138
-3.1 -0.237138
-3.1 -0.237138
-3.1 -0.237138
-3.1 -0.237138
-3.1 -0.237138
-3.1 -0.237138
-3.1 -0.237138
-3.1 -0.237138
-3.1 -0.237138
-3.1 -0.237138
-3.1 -0.237138
-3.1 -0.237138
-3.1 -0.237138
-3.1 -0.237138
-3.1 -0.237138
-3.1 -0.237138
-3.1 -0.237138
-3.1 -0.237138
-3.1 -0.237138
-3.1 -0.237138
-3.1 -0.237138
-3.1 -0.237138
-3.1 -0.237138
-3.1 -0.237138
-3.1 -0.237138
-3.1 -0.237138
-3.1 -0.237138
-3.1 -0.237138
-3.1 -0.237138
-3.1 -0.237138
-3.1 -0.237138
-3.1 -0.237138
-3.1 -0.237138
-3.1 -0.237138
-3.1 -0.237138
-3.1 -0.237138
-3.1 -0.237138
-3.1 -0.237138
-3.1 -0.237138
-3.1 -0.237138
-3.1 -0.237138
-3.1 -0.237138
-3.1 -0.237138
-3.1 -0.237138
-3.1 -0.237138
-3.1 -0.237138
-3.1 -0.237138
-3.1 -0.237138
-3.1 -0.237138
-3.1 -0.237138
-3.1 -0.237138
-3.1 -0.237138
-3.1 -0.237138
-3.1 -0.237138
-3.1 -0.237138
-3.1 -0.237138
-3.1 -0.237138
-3.1 -0.237138
-3.1 -0.237138
-3.1 -0.237138
-3.1 -0.237138
-3.1 -0.237138
-3.1 -0.237138
-3.1 -0.237138
-3.1 -0.237138
-3.1 -0.237138
-3.1 -0.237138
-3.1 -0.237138
-3.1 -0.237138
-3.1 -0.237138
-3.1 -0.237138
-3.1 -0.237138
-3.1 -0.237138
-3.1 -0.237138
-3.1 -0.237138
-3.1 -0.237138
-3.1 -0.237138
-3.1 -0.237138
-3.1 -0.237138
-3.1 -0.237138
-3.1 -0.237138
-3.1 -0.237138
-3.1 -0.237138
-3.1 -0.237138
-3.1 -0.237138
-3.1 -0.237138
-3.1 -0.237138
-3.1 -0.237138
-3.1 -0.237138
-3.1 -0.237138
-3.1 -0.237138
-3.1 -0.237138
-3.1 -0.237138
-3.1 -0.237138
-3.1 -0.237138
-3.1 -0.237138
-3.1 -0.237138
-3.1 -0.237138
-3.1 -0.237138
-3.1 -0.237138
-3.1 -0.237138
-3.1 -0.237138
-3.1 -0.237138
-3.1 -0.237138
-3.1 -0.237138
-3.1 -0.237138
-3.1 -0.237138
-3.1 -0.237138
-3.1 -0.237138
-3.1 -0.237138
-3.1 -0.237138
-3.1 -0.237138
-3.1 -0.237138
-3.1 -0.237138
-3.1 -0.237138
-3.1 -0.237138
-3.1 -0.237138
-3.1 -0.237138
-3.1 -0.237138
-3.1 -0.237138
-3.1 -0.237138
-3.1 -0.237138
-3.1 -0.237138
-3.1 -0.237138
-3.1 -0.237138
-3.1 -0.237138
-3.1 -0.237138
-3.1 -0.237138
-3.1 -0.237138
-3.1 -0.237138
-3.1 -0.237138
-3.1 -0.237138
-3.1 -0.237138
-3.1 -0.237138
-3.1 -0.237138
-3.1 -0.237138
-3.1 -0.237138
-3.1 -0.237138
-3.1 -0.237138
-3.1 -0.237138
-3.1 -0.237138
-3.1 -0.237138
-3.1 -0.237138
-3.1 -0.237138
-3.1 -0.237138
-3.1 -0.237138
-3.1 -0.237138
-3.1 -0.237138
-3.1 -0.237138
-3.1 -0.237138
-3.1 -0.237138
-3.1 -0.237138
-3.1 -0.237138
-3.1 -0.237138
-3.1 -0.237138
-3.1 -0.237138
-3.1 -0.237138
-3.1 -0.237138
-3.1 -0.237138
-3.1 -0.237138
-3.1 -0.237138
-3.1 -0.237138
-3.1 -0.237138
-3.1 -0.237138
-3.1 -0.237138
-3.1 -0.237138
-3.1 -0.237138
-3.1 -0.237138
-3.1 -0.237138
-3.1 -0.237138
-3.1 -0.237138
-3.1 -0.237138
-3.1 -0.237138
-3.1 -0.237138
-3.1 -0.237138
-3.1 -0.237138
-3.1 -0.237138
-3.1 -0.237138
-3.1 -0.237138
-3.1 -0.237138
-3.1 -0.237138
-3.1 -0.237138
-3.1 -0.237138
-3.1 -0.237138
-3.1 -0.237138
-3.1 -0.237138
-3.1 -0.237138
-3.1 -0.237138
-3.1 -0.237138
-3.1 -0.237138
-3.1 -0.237138
-3.1 -0.237138
-3.1 -0.237138
-3.1 -0.237138
-3.1 -0.237138
-3.1 -0.237138
-3.1 -0.237138
-3.1 -0.237138
-3.1 -0.237138
-3.1 -0.237138
-3.1 -0.237138
-3.1 -0.237138
-3.1 -0.237138
-3.1 -0.237138
-3.1 -0.237138
-3.1 -0.237138
-3.1 -0.237138
-3.1 -0.237138
-3.1 -0.237138
-3.1 -0.237138
-3.1 -0.237138
-3.1 -0.237138
-3.1 -0.237138
-3.1 -0.237138
-3.1 -0.237138
-3.1 -0.237138
-3.1 -0.237138
-3.1 -0.237138
-3.1 -0.237138
-3.1 -0.237138
-3.1 -0.237138
-3.1 -0.237138
-3.1 -0.237138
-3.1 -0.237138
-3.1 -0.237138
-3.1 -0.237138
-3.1 -0.237138
-3.1 -0.237138
-3.1 -0.237138
-3.1 -0.237138
-3.1 -0.237138
-3.1 -0.237138
-3.1 -0.237138
-3.1 -0.237138
-3.1 -0.237138
-3.1 -0.237138
-3.1 -0.237138
-3.1 -0.237138
-3.1 -0.237138
-3.1 -0.237138
-3.1 -0.237138
-3.1 -0.237138
-3.1 -0.237138
-3.1 -0.237138
-3.1 -0.237138
-3.1 -0.237138
-3.1 -0.237138
-3.1 -0.237138
-3.1 -0.237138
-3.1 -0.237138
-3.1 -0.237138
-3.1 -0.237138
-3.1 -0.237138
-3.1 -0.237138
-3.1 -0.237138
-3.1 -0.237138
-3.1 -0.237138
-3.1 -0.237138
-3.1 -0.237138
-3.1 -0.237138
-3.1 -0.237138
-3.1 -0.237138
-3.1 -0.237138
-3.1 -0.237138
-3.1 -0.237138
-3.1 -0.237138
-3.1 -0.237138
-3.1 -0.237138
-3.1 -0.237138
-3.1 -0.237138
-3.1 -0.237138
-3.1 -0.237138
-3.1 -0.237138
-3.1 -0.237138
-3.1 -0.237138
-3.1 -0.237138
-3.1 -0.237138
-3.1 -0.237138
-3.1 -0.237138
-3.1 -0.237138
-3.1 -0.237138
-3.1 -0.237138
-3.1 -0.237138
-3.1 -0.237138
-3.1 -0.237138
-3.1 -0.237138
-3.1 -0.237138
-3.1 -0.237138
-3.1 -0.237138
-3.1 -0.237138
-3.1 -0.237138
-3.1 -0.237138
-3.1 -0.237138
-3.1 -0.237138
-3.1 -0.237138
-3.1 -0.237138
-3.1 -0.237138
-3.1 -0.237138
-3.1 -0.237138
-3.1 -0.237138
-3.1 -0.237138
-3.1 -0.237138
-3.1 -0.237138
-3.1 -0.237138
-3.1 -0.237138
-3.1 -0.237138
-3.1 -0.237138
-3.1 -0.237138
-3.1 -0.237138
-3.1 -0.237138
-3.1 -0.237138
-3.1 -0.237138
-3.1 -0.237138
-3.1 -0.237138
-3.1 -0.237138
-3.1 -0.237138
-3.1 -0.237138
-3.1 -0.237138
-3.1 -0.237138
-3.1 -0.237138
-3.1 -0.237138
-3.1 -0.237138
-3.1 -0.237138
-3.1 -0.237138
-3.1 -0.237138
-3.1 -0.237138
-3.1 -0.237138
-3.1 -0.237138
-3.1 -0.237138
-3.1 -0.237138
-3.1 -0.237138
-3.1 -0.237138
-3.1 -0.237138
-3.1 -0.237138
-3.1 -0.237138
-3.1 -0.237138
-3.1 -0.237138
-3.1 -0.237138
-3.1 -0.237138
-3.1 -0.237138
-3.1 -0.237138
-3.1 -0.237138
-3.1 -0.237138
-3.1 -0.237138
-3.1 -0.237138
-3.1 -0.237138
-3.1 -0.237138
-3.1 -0.237138
-3.1 -0.237138
-3.1 -0.237138
-3.1 -0.237138
-3.1 -0.237138
-3.1 -0.237138
-3.1 -0.237138
-3.1 -0.237138
-3.1 -0.237138
-3.1 -0.237138
-3.1 -0.237138
-3.1 -0.237138
-3.1 -0.237138
-3.1 -0.237138
-3.1 -0.237138
-3.1 -0.237138
-3.1 -0.237138
-3.1 -0.237138
-3.1 -0.237138
-3.1 -0.237138
-3.1 -0.237138
-3.1 -0.237138
-3.1 -0.237138
-3.1 -0.237138
-3.1 -0.237138
-3.1 -0.237138
-3.1 -0.237138
-3.1 -0.237138
-3.1 -0.237138
-3.1 -0.237138
-3.1 -0.237138
-3.1 -0.237138
-3.1 -0.237138
-3.1 -0.237138
-3.1 -0.237138
-3.1 -0.237138
-3.1 -0.237138
-3.1 -0.237138
-3.1 -0.237138
-3.1 -0.237138
-3.1 -0.237138
-3.1 -0.237138
3.1 -0.237138
2.15236 -0.472048
2.94339 -0.568034
2.21358 -0.428678
2.87809 -0.55704
2.25205 -0.435882
2.83026 -0.547791
2.28304 -0.441878
2.79278 -0.540538
2.30888 -0.446881
2.76226 -0.53463
2.33094 -0.45115
2.73674 -0.529691
2.35007 -0.454852
2.71499 -0.525483
2.36685 -0.458101
2.69621 -0.521846
2.38172 -0.460978
2.6798 -0.51867
2.39498 -0.463544
2.66534 -0.515873
2.40686 -0.465844
2.65253 -0.513393
2.41756 -0.467916
2.64111 -0.511182
2.42724 -0.469788
2.63088 -0.509202
2.436 -0.471484
2.62169 -0.507423
2.44396 -0.473024
2.6134 -0.50582
2.4512 -0.474425
2.60592 -0.504372
2.45779 -0.475702
2.59915 -0.503061
2.46381 -0.476866
2.59301 -0.501872
2.4693 -0.477929
2.58743 -0.500792
2.47432 -0.4789
2.58236 -0.499811
2.4789 -0.479788
2.57774 -0.498918
2.4831 -0.4806
2.57354 -0.498104
2.48694 -0.481343
2.5697 -0.497362
2.49045 -0.482023
2.56621 -0.496685
2.49367 -0.482646
2.56302 -0.496068
2.49662 -0.483216
2.5601 -0.495504
2.49932 -0.483739
2.55744 -0.494989
2.50179 -0.484217
2.55501 -0.494518
2.50405 -0.484655
2.55279 -0.494088
2.50613 -0.485057
2.55076 -0.493695
2.50803 -0.485425
2.5489 -0.493335
2.50977 -0.485762
2.5472 -0.493007
2.51137 -0.486071
2.54565 -0.492706
2.51283 -0.486354
2.54422 -0.49243
2.51417 -0.486613
2.54292 -0.492178
2.5154 -0.486851
2.54173 -0.491948
2.51652 -0.487068
2.54064 -0.491737
2.51755 -0.487268
2.53964 -0.491544
2.51849 -0.487451
2.53873 -0.491367
2.51936 -0.487618
2.53789 -0.491205
2.52015 -0.487772
2.53713 -0.491057
2.52088 -0.487912
2.53643 -0.490922
2.52154 -0.488041
2.53579 -0.490797
2.52215 -0.488159
2.5352 -0.490684
2.52271 -0.488267
2.53466 -0.49058
2.52322 -0.488366
2.53417 -0.490484
2.52369 -0.488457
2.53372 -0.490397
2.52412 -0.48854
2.5333 -0.490317
2.52452 -0.488616
2.53293 -0.490244
2.52488 -0.488686
2.53258 -0.490177
2.52521 -0.48875
2.53226 -0.490115
2.52551 -0.488808
2.53197 -0.490059
2.52579 -0.488862
2.53171 -0.490008
2.52604 -0.488911
2.53146 -0.48996
2.52627 -0.488956
2.53124 -0.489917
2.52649 -0.488997
2.53103 -0.489878
2.52668 -0.489035
2.53085 -0.489842
2.52686 -0.48907
2.53068 -0.489808
2.52702 -0.489101
2.53052 -0.489778
2.52717 -0.48913
2.53038 -0.48975
2.52731 -0.489157
2.53024 -0.489725
2.52744 -0.489181
2.53012 -0.489701
2.52755 -0.489204
2.53001 -0.48968
2.52766 -0.489224
2.52991 -0.48966
2.52775 -0.489243
2.52982 -0.489642
2.52784 -0.48926
2.52973 -0.489626
2.52792 -0.489276
2.52966 -0.489611
2.528 -0.48929
2.52959 -0.489597
2.52807 -0.489303
2.52952 -0.489584
2.52813 -0.489315
2.52946 -0.489573
2.52819 -0.489326
2.52941 -0.489562
2.52824 -0.489336
2.52936 -0.489553
2.52829 -0.489346
2.52931 -0.489544
2.52833 -0.489354
2.52927 -0.489536
2.52837 -0.489362
2.52923 -0.489528
2.52841 -0.489369
2.52919 -0.489521
2.52844 -0.489376
2.52916 -0.489515
2.52847 -0.489382
2.52913 -0.489509
2.5285 -0.489387
2.5291 -0.489504
2.52853 -0.489392
2.52908 -0.489499
2.52855 -0.489397
2.52906 -0.489495
2.52857 -0.489401
2.52904 -0.489491
2.52859 -0.489405
2.52902 -0.489487
2.52861 -0.489408
2.529 -0.489484
2.52863 -0.489412
2.52898 -0.489481
2.52864 -0.489415
2.52897 -0.489478
2.52866 -0.489417
2.52896 -0.489475
2.52867 -0.48942
2.52894 -0.489473
2.52868 -0.489422
2.52893 -0.489471
2.52869 -0.489424
2.52892 -0.489469
2.5287 -0.489426
2.52891 -0.489467
2.52871 -0.489428
2.5289 -0.489465
2.52872 -0.489429
2.5289 -0.489464
2.52873 -0.489431
2.52889 -0.489462
2.52873 -0.489432
2.52888 -0.489461
2.52874 -0.489433
2.52888 -0.48946
2.52875 -0.489435
2.52887 -0.489459
2.52875 -0.489436
2.52886 -0.489458
2.52876 -0.489437
2.52886 -0.489457
2.52876 -0.489437
2.52886 -0.489456
2.52876 -0.489438
2.52885 -0.489455
2.52877 -0.489439
2.52885 -0.489454
2.52877 -0.48944
2.52884 -0.489454
2.52877 -0.48944
2.52884 -0.489453
2.52878 -0.489441
2.52884 -0.489453
2.52878 -0.489441
2.52884 -0.489452
2.52878 -0.489442
2.52883 -0.489452
2.52878 -0.489442
2.52883 -0.489451
2.52879 -0.489443
2.52883 -0.489451
2.52879 -0.489443
2.52883 -0.489451
2.52879 -0.489443
2.52883 -0.48945
2.52879 -0.489444
2.52883 -0.48945
2.52879 -0.489444
2.52882 -0.48945
2.52879 -0.489444
2.52882 -0.48945
2.5288 -0.489444
2.52882 -0.489449
2.5288 -0.489445
2.52882 -0.489449
2.5288 -0.489445
2.52882 -0.489449
2.5288 -0.489445
2.52882 -0.489449
2.5288 -0.489445
2.52882 -0.489449
2.5288 -0.489445
2.52882 -0.489448
2.5288 -0.489445
2.52882 -0.489448
2.5288 -0.489446
2.52882 -0.489448
2.5288 -0.489446
2.52882 -0.489448
2.5288 -0.489446
2.52881 -0.489448
2.5288 -0.489446
2.52881 -0.489448
2.5288 -0.489446
2.52881 -0.489448
2.5288 -0.489446
2.52881 -0.489448
2.5288 -0.489446
2.52881 -0.489448
2.52881 -0.489446
2.52881 -0.489448
2.52881 -0.489446
2.52881 -0.489448
2.52881 -0.489446
2.52881 -0.489447
2.52881 -0.489446
2.52881 -0.489447
2.52881 -0.489446
2.52881 -0.489447
2.52881 -0.489446
2.52881 -0.489447
2.52881 -0.489446
2.52881 -0.489447
2.52881 -0.489447
2.52881 -0.489447
2.52881 -0.489447
2.52881 -0.489447
2.52881 -0.489447
2.52881 -0.489447
2.52881 -0.489447
2.52881 -0.489447
2.52881 -0.489447
2.52881 -0.489447
2.52881 -0.489447
2.52881 -0.489447
2.52881 -0.489447
2.52881 -0.489447
2.52881 -0.489447
2.52881 -0.489447
2.52881 -0.489447
2.52881 -0.489447
2.52881 -0.489447
2.52881 -0.489447
2.52881 -0.489447
2.52881 -0.489447
2.52881 -0.489447
2.52881 -0.489447
2.52881 -0.489447
2.52881 -0.489447
2.52881 -0.489447
2.52881 -0.489447
2.52881 -0.489447
2.52881 -0.489447
2.52881 -0.489447
2.52881 -0.489447
2.52881 -0.489447
2.52881 -0.489447
2.52881 -0.489447
2.52881 -0.489447
2.52881 -0.489447
2.52881 -0.489447
2.52881 -0.489447
2.52881 -0.489447
2.52881 -0.489447
2.52881 -0.489447
2.52881 -0.489447
2.52881 -0.489447
2.52881 -0.489447
2.52881 -0.489447
2.52881 -0.489447
2.52881 -0.489447
2.52881 -0.489447
2.52881 -0.489447
2.52881 -0.489447
2.52881 -0.489447
2.52881 -0.489447
2.52881 -0.489447
2.52881 -0.489447
2.52881 -0.489447
2.52881 -0.489447
2.52881 -0.489447
2.52881 -0.489447
2.52881 -0.489447
2.52881 -0.489447
2.52881 -0.489447
2.52881 -0.489447
2.52881 -0.489447
2.52881 -0.489447
2.52881 -0.489447
2.52881 -0.489447
2.52881 -0.489447
2.52881 -0.489447
2.52881 -0.489447
2.52881 -0.489447
2.52881 -0.489447
2.52881 -0.489447
2.52881 -0.489447
2.52881 -0.489447
2.52881 -0.489447
2.52881 -0.489447
2.52881 -0.489447
2.52881 -0.489447
2.52881 -0.489447
2.52881 -0.489447
2.52881 -0.489447
2.52881 -0.489447
2.52881 -0.489447
2.52881 -0.489447
2.52881 -0.489447
2.52881 -0.489447
2.52881 -0.489447
2.52881 -0.489447
2.52881 -0.489447
2.52881 -0.489447
2.52881 -0.489447
2.52881 -0.489447
2.52881 -0.489447
2.52881 -0.489447
2.52881 -0.489447
2.52881 -0.489447
2.52881 -0.489447
2.52881 -0.489447
2.52881 -0.489447
2.52881 -0.489447
2.52881 -0.489447
2.52881 -0.489447
2.52881 -0.489447
2.52881 -0.489447
2.52881 -0.489447
2.52881 -0.489447
2.52881 -0.489447
2.52881 -0.489447
2.52881 -0.489447
2.52881 -0.489447
2.52881 -0.489447
2.52881 -0.489447
2.52881 -0.489447
2.52881 -0.489447
2.52881 -0.489447
2.52881 -0.489447
2.52881 -0.489447
2.52881 -0.489447
2.52881 -0.489447
2.52881 -0.489447
2.52881 -0.489447
2.52881 -0.489447
2.52881 -0.489447
2.52881 -0.489447
2.52881 -0.489447
2.52881 -0.489447
2.52881 -0.489447
2.52881 -0.489447
2.52881 -0.489447
2.52881 -0.489447
2.52881 -0.489447
2.52881 -0.489447
2.52881 -0.489447
2.52881 -0.489447
2.52881 -0.489447
2.52881 -0.489447
2.52881 -0.489447
2.52881 -0.489447
2.52881 -0.489447
2.52881 -0.489447
2.52881 -0.489447
2.52881 -0.489447
2.52881 -0.489447
2.52881 -0.489447
2.52881 -0.489447
2.52881 -0.489447
2.52881 -0.489447
2.52881 -0.489447
2.52881 -0.489447
2.52881 -0.489447
2.52881 -0.489447
2.52881 -0.489447
2.52881 -0.489447
2.52881 -0.489447
2.52881 -0.489447
2.52881 -0.489447
2.52881 -0.489447
2.52881 -0.489447
2.52881 -0.489447
2.52881 -0.489447
2.52881 -0.489447
2.52881 -0.489447
2.52881 -0.489447
2.52881 -0.489447
2.52881 -0.489447
2.52881 -0.489447
2.52881 -0.489447
2.52881 -0.489447
2.52881 -0.489447
2.52881 -0.489447
2.52881 -0.489447
2.52881 -0.489447
2.52881 -0.489447
2.52881 -0.489447
2.52881 -0.489447
2.52881 -0.489447
2.52881 -0.489447
2.52881 -0.489447
2.52881 -0.489447
2.52881 -0.489447
2.52881 -0.489447
2.52881 -0.489447
2.52881 -0.489447
2.52881 -0.489447
2.52881 -0.489447
2.52881 -0.489447
2.52881 -0.489447
2.52881 -0.489447
2.52881 -0.489447
2.52881 -0.489447
2.52881 -0.489447
2.52881 -0.489447
2.52881 -0.489447
2.52881 -0.489447
2.52881 -0.489447
2.52881 -0.489447
2.52881 -0.489447
2.52881 -0.489447
2.52881 -0.489447
2.52881 -0.489447
2.52881 -0.489447
2.52881 -0.489447
2.52881 -0.489447
2.52881 -0.489447
2.52881 -0.489447
2.52881 -0.489447
2.52881 -0.489447
2.52881 -0.489447
2.52881 -0.489447
2.52881 -0.489447
2.52881 -0.489447
2.52881 -0.489447
2.52881 -0.489447
2.52881 -0.489447
2.52881 -0.489447
2.52881 -0.489447
2.52881 -0.489447
2.52881 -0.489447
2.52881 -0.489447
2.52881 -0.489447
2.52881 -0.489447
2.52881 -0.489447
2.52881 -0.489447
2.52881 -0.489447
2.52881 -0.489447
2.52881 -0.489447
2.52881 -0.489447
2.52881 -0.489447
2.52881 -0.489447
2.52881 -0.489447
2.52881 -0.489447
2.52881 -0.489447
2.52881 -0.489447
2.52881 -0.489447
2.52881 -0.489447
2.52881 -0.489447
2.52881 -0.489447
2.52881 -0.489447
2.52881 -0.489447
2.52881 -0.489447
2.52881 -0.489447
2.52881 -0.489447
2.52881 -0.489447
2.52881 -0.489447
2.52881 -0.489447
2.52881 -0.489447
2.52881 -0.489447
2.52881 -0.489447
2.52881 -0.489447
2.52881 -0.489447
2.52881 -0.489447
2.52881 -0.489447
2.52881 -0.489447
2.52881 -0.489447
2.52881 -0.489447
2.52881 -0.489447
2.52881 -0.489447
2.52881 -0.489447
2.52881 -0.489447
2.52881 -0.489447
2.52881 -0.489447
2.52881 -0.489447
2.52881 -0.489447
2.52881 -0.489447
2.52881 -0.489447
2.52881 -0.489447
2.52881 -0.489447
2.52881 -0.489447
2.52881 -0.489447
2.52881 -0.489447
2.52881 -0.489447
2.52881 -0.489447
2.52881 -0.489447
2.52881 -0.489447
2.52881 -0.489447
2.52881 -0.489447
2.52881 -0.489447
2.52881 -0.489447
2.52881 -0.489447
2.52881 -0.489447
2.52881 -0.489447
2.52881 -0.489447
2.52881 -0.489447
2.52881 -0.489447
2.52881 -0.489447
2.52881 -0.489447
2.52881 -0.489447
2.52881 -0.489447
2.52881 -0.489447
2.52881 -0.489447
2.52881 -0.489447
2.52881 -0.489447
2.52881 -0.489447
2.52881 -0.489447
2.52881 -0.489447
2.52881 -0.489447
2.52881 -0.489447
2.52881 -0.489447
2.52881 -0.489447
2.52881 -0.489447
2.52881 -0.489447
2.52881 -0.489447
2.52881 -0.489447
2.52881 -0.489447
2.52881 -0.489447
2.52881 -0.489447
2.52881 -0.489447
2.52881 -0.489447
2.52881 -0.489447
2.52881 -0.489447
2.52881 -0.489447
2.52881 -0.489447
2.52881 -0.489447
2.52881 -0.489447
2.52881 -0.489447
2.52881 -0.489447
2.52881 -0.489447
2.52881 -0.489447
2.52881 -0.489447
2.52881 -0.489447
2.52881 -0.489447
2.52881 -0.489447
2.52881 -0.489447
2.52881 -0.489447
2.52881 -0.489447
2.52881 -0.489447
2.52881 -0.489447
2.52881 -0.489447
2.52881 -0.489447
2.52881 -0.489447
2.52881 -0.489447
2.52881 -0.489447
2.52881 -0.489447
2.52881 -0.489447
2.52881 -0.489447
2.52881 -0.489447
2.52881 -0.489447
2.52881 -0.489447
2.52881 -0.489447
2.52881 -0.489447
2.52881 -0.489447
2.52881 -0.489447
2.52881 -0.489447
2.52881 -0.489447
2.52881 -0.489447
2.52881 -0.489447
2.52881 -0.489447
2.52881 -0.489447
2.52881 -0.489447
2.52881 -0.489447
2.52881 -0.489447
2.52881 -0.489447
2.52881 -0.489447
2.52881 -0.489447
2.52881 -0.489447
2.52881 -0.489447
2.52881 -0.489447
2.52881 -0.489447
2.52881 -0.489447
2.52881 -0.489447
2.52881 -0.489447
2.52881 -0.489447
2.52881 -0.489447
2.52881 -0.489447
2.52881 -0.489447
2.52881 -0.489447
2.52881 -0.489447
2.52881 -0.489447
2.52881 -0.489447
2.52881 -0.489447
2.52881 -0.489447
2.52881 -0.489447
2.52881 -0.489447
2.52881 -0.489447
2.52881 -0.489447
2.52881 -0.489447
2.52881 -0.489447
2.52881 -0.489447
2.52881 -0.489447
2.52881 -0.489447
2.52881 -0.489447
2.52881 -0.489447
2.52881 -0.489447
2.52881 -0.489447
2.52881 -0.489447
2.52881 -0.489447
2.52881 -0.489447
2.52881 -0.489447
2.52881 -0.489447
2.52881 -0.489447
2.52881 -0.489447
2.52881 -0.489447
2.52881 -0.489447
2.52881 -0.489447
2.52881 -0.489447
2.52881 -0.489447
2.52881 -0.489447
2.52881 -0.489447
2.52881 -0.489447
2.52881 -0.489447
2.52881 -0.489447
2.52881 -0.489447
2.52881 -0.489447
2.52881 -0.489447
2.52881 -0.489447
2.52881 -0.489447
2.52881 -0.489447
2.52881 -0.489447
2.52881 -0.489447
2.52881 -0.489447
2.52881 -0.489447
2.52881 -0.489447
2.52881 -0.489447
2.52881 -0.489447
2.52881 -0.489447
2.52881 -0.489447
2.52881 -0.489447
2.52881 -0.489447
2.52881 -0.489447
2.52881 -0.489447
2.52881 -0.489447
2.52881 -0.489447
2.52881 -0.489447
2.52881 -0.489447
2.52881 -0.489447
2.52881 -0.489447
2.52881 -0.489447
2.52881 -0.489447
2.52881 -0.489447
2.52881 -0.489447
2.52881 -0.489447
2.52881 -0.489447
2.52881 -0.489447
2.52881 -0.489447
2.52881 -0.489447
2.52881 -0.489447
2.52881 -0.489447
2.52881 -0.489447
2.52881 -0.489447
2.52881 -0.489447
2.52881 -0.489447
2.52881 -0.489447
2.52881 -0.489447
2.52881 -0.489447
2.52881 -0.489447
2.52881 -0.489447
2.52881 -0.489447
2.52881 -0.489447
2.52881 -0.489447
2.52881 -0.489447
2.52881 -0.489447
2.52881 -0.489447
2.52881 -0.489447
2.52881 -0.489447
2.52881 -0.489447
2.52881 -0.489447
2.52881 -0.489447
2.52881 -0.489447
2.52881 -0.489447
2.52881 -0.489447
2.52881 -0.489447
2.52881 -0.489447
2.52881 -0.489447
2.52881 -0.489447
2.52881 -0.489447
2.52881 -0.489447
2.52881 -0.489447
2.52881 -0.489447
2.52881 -0.489447
2.52881 -0.489447
2.52881 -0.489447
2.52881 -0.489447
2.52881 -0.489447
2.52881 -0.489447
2.52881 -0.489447
2.52881 -0.489447
2.52881 -0.489447
2.52881 -0.489447
2.52881 -0.489447
2.52881 -0.489447
2.52881 -0.489447
2.52881 -0.489447
2.52881 -0.489447
2.52881 -0.489447
2.52881 -0.489447
2.52881 -0.489447
2.52881 -0.489447
2.52881 -0.489447
2.52881 -0.489447
2.52881 -0.489447
2.52881 -0.489447
2.52881 -0.489447
2.52881 -0.489447
2.52881 -0.489447
2.52881 -0.489447
2.52881 -0.489447
2.52881 -0.489447
2.52881 -0.489447
2.52881 -0.489447
2.52881 -0.489447
2.52881 -0.489447
2.52881 -0.489447
2.52881 -0.489447
2.52881 -0.489447
2.52881 -0.489447
2.52881 -0.489447
2.52881 -0.489447
2.52881 -0.489447
2.52881 -0.489447
2.52881 -0.489447
2.52881 -0.489447
2.52881 -0.489447
2.52881 -0.489447
2.52881 -0.489447
2.52881 -0.489447
2.52881 -0.489447
2.52881 -0.489447
2.52881 -0.489447
2.52881 -0.489447
2.52881 -0.489447
2.52881 -0.489447
2.52881 -0.489447
2.52881 -0.489447
2.52881 -0.489447
2.52881 -0.489447
2.52881 -0.489447
2.52881 -0.489447
2.52881 -0.489447
2.52881 -0.489447
2.52881 -0.489447
2.52881 -0.489447
2.52881 -0.489447
2.52881 -0.489447
2.52881 -0.489447
2.52881 -0.489447
2.52881 -0.489447
2.52881 -0.489447
2.52881 -0.489447
2.52881 -0.489447
2.52881 -0.489447
2.52881 -0.489447
2.52881 -0.489447
2.52881 -0.489447
2.52881 -0.489447
2.52881 -0.489447
2.52881 -0.489447
2.52881 -0.489447
2.52881 -0.489447
2.52881 -0.489447
2.52881 -0.489447
2.52881 -0.489447
2.52881 -0.489447
2.52881 -0.489447
2.52881 -0.489447
2.52881 -0.489447
2.52881 -0.489447
2.52881 -0.489447
2.52881 -0.489447
2.52881 -0.489447
2.52881 -0.489447
2.52881 -0.489447
2.52881 -0.489447
2.52881 -0.489447
2.52881 -0.489447
2.52881 -0.489447
2.52881 -0.489447
2.52881 -0.489447
2.52881 -0.489447
2.52881 -0.489447
2.52881 -0.489447
2.52881 -0.489447
2.52881 -0.489447
2.52881 -0.489447
2.52881 -0.489447
2.52881 -0.489447
2.52881 -0.489447
2.52881 -0.489447
2.52881 -0.489447
2.52881 -0.489447
2.52881 -0.489447
2.52881 -0.489447
2.52881 -0.489447
2.52881 -0.489447
2.52881 -0.489447
2.52881 -0.489447
2.52881 -0.489447
2.52881 -0.489447
2.52881 -0.489447
2.52881 -0.489447
2.52881 -0.489447
2.52881 -0.489447
2.52881 -0.489447
2.52881 -0.489447
2.52881 -0.489447
2.52881 -0.489447
2.52881 -0.489447
2.52881 -0.489447
2.52881 -0.489447
2.52881 -0.489447
2.52881 -0.489447
2.52881 -0.489447
2.52881 -0.489447
2.52881 -0.489447
2.52881 -0.489447
2.52881 -0.489447
2.52881 -0.489447
2.52881 -0.489447
2.52881 -0.489447
2.52881 -0.489447
2.52881 -0.489447
2.52881 -0.489447
2.52881 -0.489447
2.52881 -0.489447
2.52881 -0.489447
2.52881 -0.489447
2.52881 -0.489447
2.52881 -0.489447
2.52881 -0.489447
2.52881 -0.489447
2.52881 -0.489447
2.52881 -0.489447
2.52881 -0.489447
2.52881 -0.489447
2.52881 -0.489447
2.52881 -0.489447
2.52881 -0.489447
2.52881 -0.489447
2.52881 -0.489447
2.52881 -0.489447
2.52881 -0.489447
2.52881 -0.489447
2.52881 -0.489447
2.52881 -0.489447
2.52881 -0.489447
2.52881 -0.489447
2.52881 -0.489447
2.52881 -0.489447
2.52881 -0.489447
2.52881 -0.489447
2.52881 -0.489447
2.52881 -0.489447
2.52881 -0.489447
2.52881 -0.489447
2.52881 -0.489447
2.52881 -0.489447
2.52881 -0.489447
2.52881 -0.489447
2.52881 -0.489447
2.52881 -0.489447
2.52881 -0.489447
2.52881 -0.489447
2.52881 -0.489447
2.52881 -0.489447
2.52881 -0.489447
2.52881 -0.489447
2.52881 -0.489447
2.52881 -0.489447
2.52881 -0.489447
2.52881 -0.489447
2.52881 -0.489447
2.52881 -0.489447
2.52881 -0.489447
2.52881 -0.489447
2.52881 -0.489447
2.52881 -0.489447
2.52881 -0.489447
2.52881 -0.489447
2.52881 -0.489447
2.52881 -0.489447
2.52881 -0.489447
2.52881 -0.489447
2.52881 -0.489447
2.52881 -0.489447
2.52881 -0.489447
2.52881 -0.489447
2.52881 -0.489447
2.52881 -0.489447
2.52881 -0.489447
2.52881 -0.489447
2.52881 -0.489447
2.52881 -0.489447
2.52881 -0.489447
2.52881 -0.489447
2.52881 -0.489447
2.52881 -0.489447
2.52881 -0.489447
2.52881 -0.489447
2.52881 -0.489447
2.52881 -0.489447
2.52881 -0.489447
2.52881 -0.489447
2.52881 -0.489447
2.52881 -0.489447
2.52881 -0.489447
2.52881 -0.489447
2.52881 -0.489447
2.52881 -0.489447
2.52881 -0.489447
2.52881 -0.489447
2.52881 -0.489447
2.52881 -0.489447
2.52881 -0.489447
2.52881 -0.489447
2.52881 -0.489447
2.52881 -0.489447
2.52881 -0.489447
2.52881 -0.489447
2.52881 -0.489447
2.52881 -0.489447
2.52881 -0.489447
2.52881 -0.489447
2.52881 -0.489447
2.52881 -0.489447
2.52881 -0.489447
2.52881 -0.489447
2.52881 -0.489447
2.52881 -0.489447
2.52881 -0.489447
2.52881 -0.489447
2.52881 -0.489447
2.52881 -0.489447
2.52881 -0.489447
2.52881 -0.489447
2.52881 -0.489447
2.52881 -0.489447
2.52881 -0.489447
2.52881 -0.489447
2.52881 -0.489447
2.52881 -0.489447
2.52881 -0.489447
2.52881 -0.489447
2.52881 -0.489447
2.52881 -0.489447
2.52881 -0.489447
2.52881 -0.489447
2.52881 -0.489447
2.52881 -0.489447
2.52881 -0.489447
2.52881 -0.489447
2.52881 -0.489447
2.52881 -0.489447
2.52881 -0.489447
2.52881 -0.489447
2.52881 -0.489447
2.52881 -0.489447
2.52881 -0.489447
2.52881 -0.489447
2.52881 -0.489447
2.52881 -0.489447
2.52881 -0.489447
2.52881 -0.489447
2.52881 -0.489447
2.52881 -0.489447
2.52881 -0.489447
2.52881 -0.489447
2.52881 -0.489447
2.52881 -0.489447
2.52881 -0.489447
2.52881 -0.489447
2.52881 -0.489447
2.52881 -0.489447
2.52881 -0.489447
2.52881 -0.489447
2.52881 -0.489447
2.52881 -0.489447
2.52881 -0.489447
2.52881 -0.489447
2.52881 -0.489447
2.52881 -0.489447
2.52881 -0.489447
2.52881 -0.489447
2.52881 -0.489447
2.52881 -0.489447
2.52881 -0.489447
2.52881 -0.489447
2.52881 -0.489447
2.52881 -0.489447
2.52881 -0.489447
2.52881 -0.489447
2.52881 -0.489447
2.52881 -0.489447
2.52881 -0.489447
2.52881 -0.489447
2.52881 -0.489447
2.52881 -0.489447
2.52881 -0.489447
2.52881 -0.489447
2.52881 -0.489447
2.52881 -0.489447
2.52881 -0.489447
2.52881 -0.489447
2.52881 -0.489447
2.52881 -0.489447
2.52881 -0.489447
2.52881 -0.489447
2.52881 -0.489447
2.52881 -0.489447
2.52881 -0.489447
2.52881 -0.489447
2.52881 -0.489447
2.52881 -0.489447
2.52881 -0.489447
2.52881 -0.489447
2.52881 -0.489447
2.52881 -0.489447
2.52881 -0.489447
2.52881 -0.489447
2.52881 -0.489447
2.52881 -0.489447
2.52881 -0.489447
2.52881 -0.489447
2.52881 -0.489447
2.52881 -0.489447
2.52881 -0.489447
2.52881 -0.489447
2.52881 -0.489447
2.52881 -0.489447
2.52881 -0.489447
2.52881 -0.489447
2.52881 -0.489447
2.52881 -0.489447
2.52881 -0.489447
2.52881 -0.489447
2.52881 -0.489447
2.52881 -0.489447
2.52881 -0.489447
2.52881 -0.489447
2.52881 -0.489447
2.52881 -0.489447
2.52881 -0.489447
2.52881 -0.489447
2.52881 -0.489447
2.52881 -0.489447
2.52881 -0.489447
2.52881 -0.489447
2.52881 -0.489447
2.52881 -0.489447
2.52881 -0.489447
2.52881 -0.489447
2.52881 -0.489447
2.52881 -0.489447
2.52881 -0.489447
2.52881 -0.489447
2.52881 -0.489447
2.52881 -0.489447
2.52881 -0.489447
2.52881 -0.489447
2.52881 -0.489447
2.52881 -0.489447
2.52881 -0.489447
2.52881 -0.489447
2.52881 -0.489447
2.52881 -0.489447
2.52881 -0.489447
2.52881 -0.489447
2.52881 -0.489447
2.52881 -0.489447
2.52881 -0.489447
2.52881 -0.489447
2.52881 -0.489447
2.52881 -0.489447
2.52881 -0.489447
2.52881 -0.489447
2.52881 -0.489447
2.52881 -0.489447
2.52881 -0.489447
2.52881 -0.489447
2.52881 -0.489447
2.52881 -0.489447
2.52881 -0.489447
2.52881 -0.489447
2.52881 -0.489447
2.52881 -0.489447
2.52881 -0.489447
2.52881 -0.489447
2.52881 -0.489447
2.52881 -0.489447
2.52881 -0.489447
2.52881 -0.489447
2.52881 -0.489447
2.52881 -0.489447
2.52881 -0.489447
2.52881 -0.489447
2.52881 -0.489447
2.52881 -0.489447
2.52881 -0.489447
2.52881 -0.489447
2.52881 -0.489447
2.52881 -0.489447
2.52881 -0.489447
2.52881 -0.489447
2.52881 -0.489447
2.52881 -0.489447
2.52881 -0.489447
2.52881 -0.489447
2.52881 -0.489447
2.52881 -0.489447
2.52881 -0.489447
2.52881 -0.489447
2.52881 -0.489447
2.52881 -0.489447
2.52881 -0.489447
2.52881 -0.489447
2.52881 -0.489447
2.52881 -0.489447
2.52881 -0.489447
2.52881 -0.489447
2.52881 -0.489447
2.52881 -0.489447
2.52881 -0.489447
2.52881 -0.489447
2.52881 -0.489447
2.52881 -0.489447
2.52881 -0.489447
2.52881 -0.489447
2.52881 -0.489447
2.52881 -0.489447
2.52881 -0.489447
2.52881 -0.489447
2.52881 -0.489447
2.52881 -0.489447
2.52881 -0.489447
2.52881 -0.489447
2.52881 -0.489447
2.52881 -0.489447
2.52881 -0.489447
2.52881 -0.489447
2.52881 -0.489447
2.52881 -0.489447
2.52881 -0.489447
2.52881 -0.489447
2.52881 -0.489447
2.52881 -0.489447
2.52881 -0.489447
2.52881 -0.489447
2.52881 -0.489447
2.52881 -0.489447
2.52881 -0.489447
2.52881 -0.489447
2.52881 -0.489447
2.52881 -0.489447
2.52881 -0.489447
2.52881 -0.489447
2.52881 -0.489447
2.52881 -0.489447
2.52881 -0.489447
2.52881 -0.489447
2.52881 -0.489447
2.52881 -0.489447
2.52881 -0.489447
2.52881 -0.489447
2.52881 -0.489447
2.52881 -0.489447
2.52881 -0.489447
2.52881 -0.489447
2.52881 -0.489447
2.52881 -0.489447
2.52881 -0.489447
2.52881 -0.489447
2.52881 -0.489447
2.52881 -0.489447
2.52881 -0.489447
2.52881 -0.489447
2.52881 -0.489447
2.52881 -0.489447
2.52881 -0.489447
2.52881 -0.489447
2.52881 -0.489447
2.52881 -0.489447
2.52881 -0.489447
2.52881 -0.489447
2.52881 -0.489447
2.52881 -0.489447
2.52881 -0.489447
2.52881 -0.489447
2.52881 -0.489447
2.52881 -0.489447
2.52881 -0.489447
2.52881 -0.489447
2.52881 -0.489447
2.52881 -0.489447
2.52881 -0.489447
2.52881 -0.489447
2.52881 -0.489447
2.52881 -0.489447
2.52881 -0.489447
2.52881 -0.489447
2.52881 -0.489447
2.52881 -0.489447
2.52881 -0.489447
2.52881 -0.489447
2.52881 -0.489447
2.52881 -0.489447
2.52881 -0.489447
2.52881 -0.489447
2.52881 -0.489447
2.52881 -0.489447
2.52881 -0.489447
2.52881 -0.489447
2.52881 -0.489447
2.52881 -0.489447
2.52881 -0.489447
2.52881 -0.489447
2.52881 -0.489447
2.52881 -0.489447
2.52881 -0.489447
2.52881 -0.489447
2.52881 -0.489447
2.52881 -0.489447
2.52881 -0.489447
2.52881 -0.489447
2.52881 -0.489447
2.52881 -0.489447
2.52881 -0.489447
2.52881 -0.489447
2.52881 -0.489447
2.52881 -0.489447
2.52881 -0.489447
2.52881 -0.489447
2.52881 -0.489447
2.52881 -0.489447
2.52881 -0.489447
2.52881 -0.489447
2.52881 -0.489447
2.52881 -0.489447
2.52881 -0.489447
2.52881 -0.489447
2.52881 -0.489447
2.52881 -0.489447
2.52881 -0.489447
2.52881 -0.489447
2.52881 -0.489447
2.52881 -0.489447
2.52881 -0.489447
2.52881 -0.489447
2.52881 -0.489447
2.52881 -0.489447
2.52881 -0.489447
2.52881 -0.489447
2.52881 -0.489447
2.52881 -0.489447
2.52881 -0.489447
2.52881 -0.489447
2.52881 -0.489447
2.52881 -0.489447
2.52881 -0.489447
2.52881 -0.489447
2.52881 -0.489447
2.52881 -0.489447
2.52881 -0.489447
2.52881 -0.489447
2.52881 -0.489447
2.52881 -0.489447
2.52881 -0.489447
2.52881 -0.489447
2.52881 -0.489447
2.52881 -0.489447
2.52881 -0.489447
2.52881 -0.489447
2.52881 -0.489447
2.52881 -0.489447
2.52881 -0.489447
2.52881 -0.489447
2.52881 -0.489447
2.52881 -0.489447
2.52881 -0.489447
2.52881 -0.489447
2.52881 -0.489447
2.52881 -0.489447
2.52881 -0.489447
2.52881 -0.489447
2.52881 -0.489447
2.52881 -0.489447
2.52881 -0.489447
2.52881 -0.489447
2.52881 -0.489447
2.52881 -0.489447
2.52881 -0.489447
2.52881 -0.489447
2.52881 -0.489447
2.52881 -0.489447
2.52881 -0.489447
2.52881 -0.489447
2.52881 -0.489447
2.52881 -0.489447
2.52881 -0.489447
2.52881 -0.489447
2.52881 -0.489447
2.52881 -0.489447
2.52881 -0.489447
2.52881 -0.489447
2.52881 -0.489447
2.52881 -0.489447
2.52881 -0.489447
2.52881 -0.489447
2.52881 -0.489447
2.52881 -0.489447
2.52881 -0.489447
2.52881 -0.489447
2.52881 -0.489447
2.52881 -0.489447
2.52881 -0.489447
2.52881 -0.489447
2.52881 -0.489447
2.52881 -0.489447
2.52881 -0.489447
2.52881 -0.489447
2.52881 -0.489447
2.52881 -0.489447
2.52881 -0.489447
2.52881 -0.489447
2.52881 -0.489447
2.52881 -0.489447
2.52881 -0.489447
2.52881 -0.489447
2.52881 -0.489447
2.52881 -0.489447
2.52881 -0.489447
2.52881 -0.489447
2.52881 -0.489447
2.52881 -0.489447
2.52881 -0.489447
2.52881 -0.489447
2.52881 -0.489447
2.52881 -0.489447
2.52881 -0.489447
2.52881 -0.489447
2.52881 -0.489447
2.52881 -0.489447
2.52881 -0.489447
2.52881 -0.489447
2.52881 -0.489447
2.52881 -0.489447
2.52881 -0.489447
2.52881 -0.489447
2.52881 -0.489447
2.52881 -0.489447
2.52881 -0.489447
2.52881 -0.489447
2.52881 -0.489447
2.52881 -0.489447
2.52881 -0.489447
2.52881 -0.489447
2.52881 -0.489447
2.52881 -0.489447
2.52881 -0.489447
2.52881 -0.489447
2.52881 -0.489447
2.52881 -0.489447
2.52881 -0.489447
2.52881 -0.489447
2.52881 -0.489447
2.52881 -0.489447
2.52881 -0.489447
2.52881 -0.489447
2.52881 -0.489447
2.52881 -0.489447
2.52881 -0.489447
2.52881 -0.489447
2.52881 -0.489447
2.52881 -0.489447
2.52881 -0.489447
2.52881 -0.489447
2.52881 -0.489447
2.52881 -0.489447
2.52881 -0.489447
2.52881 -0.489447
2.52881 -0.489447
2.52881 -0.489447
2.52881 -0.489447
2.52881 -0.489447
2.52881 -0.489447
2.52881 -0.489447
2.52881 -0.489447
2.52881 -0.489447
2.52881 -0.489447
2.52881 -0.489447
2.52881 -0.489447
2.52881 -0.489447
2.52881 -0.489447
2.52881 -0.489447
2.52881 -0.489447
2.52881 -0.489447
2.52881 -0.489447
2.52881 -0.489447
2.52881 -0.489447
2.52881 -0.489447
2.52881 -0.489447
2.52881 -0.489447
2.52881 -0.489447
2.52881 -0.489447
2.52881 -0.489447
2.52881 -0.489447
2.52881 -0.489447
2.52881 -0.489447
2.52881 -0.489447
2.52881 -0.489447
2.52881 -0.489447
2.52881 -0.489447
2.52881 -0.489447
2.52881 -0.489447
2.52881 -0.489447
2.52881 -0